


MA1 =  43.01094990418834
MA2 =  37.0
MA3 =  63.01037432103881
MA4 =  32.74578298395557
MA5 =  1.1624581055186036
MA6 =  2.4
MA7 =  1.7241379310344827
MA8 =  1.5333333333333334
MA9 =  0.9459459459459459
MA10 =  0.5675675675675675
MA11 =  0.43243243243243246
MA12 =  32.68387096774194
MA13 =  40.86219081272085
MA14 =  47.906451612903226
MA15 =  51.833333333333336
MA16 =  46.55483870967742
MA17 =  52.66
MA18 =  54.674193548387095
MA19 =  42.45483870967742
MA20 =  38.75666666666667
MA21 =  35.7
MA22 =  38.13666666666666
MA23 =  34.02258064516129
MA24 =  17.777705149029217
MA25 =  49.83042363235924
MA26 =  45.47674144815293
MA27 =  30.82363795585842
MA28 =  34.99957338735808
MA29 =  45.2996725874739
MA30 =  35.69325522843632
MA31 =  20.405088459236573
MA32 =  13.488026054733709
MA33 =  19.716456700865628
MA34 =  21.480240699215273
MA35 =  9.001378960691754
MA36 =  3.085062210958865
MA37 =  0.4084904714860473
MA38 =  0.8435825112514265
MA39 =  40.31243045787831
MA40 =  0.10748407937167002
MA41 =  43.01205704019762
MA42 =  0.7292929634070147
MA43 =  0.1833357863005793
MA44 =  0.37920311794566536
MA45 =  -0.014930521595697991
ML1 =  28.2
ML2 =  27.5
ML3 =  31.7
ML4 =  36.0
ML5 =  33.5
ML6 =  33.7
ML7 =  36.2
ML8 =  35.5
ML9 =  34.0
ML10 =  30.4
ML11 =  31.3
ML12 =  30.2
ML13 =  26.62054686819512
ML14 =  0.6693528356354088
ML15 =  0.5814493305813437
ML16 =  0.6799657534246575
ML17 =  0.6088907269997599
ML18 =  16.78806430975044
ML19 =  58.14493305813437
ML20 =  0.8146001862707035
ML21 =  17.660891137070976
ML22 =  0.245
MH1  =  56.4
MH2  =  133.6
MH3  =  149.5
MH4  =  119.3
MH5  =  123.8
MH6  =  172.8
MH7  =  166.5
MH8  =  84.4
MH9  =  58.9
MH10 =  67.4
MH11 =  71.0
MH12 =  43.0
MH13 =  106.25750325782408
MH14 =  9.277412280701753
MH15 =  4.377297297297298
MH16 =  1.6216216216216217
MH17 =  1.2432432432432432
MH18 =  9.179849159357452
MH19 =  -0.10552656487270592
MH20 =  366.9
MH21 =  6.792922418821699
MH22 =  4.4653922214897825
MH23 =  5.613513513513513
MH24 =  2.079812950780693
MH25 =  6.054054054054054
MH26 =  11.99189189189189
MH27 =  2.5595769682726206
FL1 =  7.4
FL2 =  79.61640034337188
FL3 =  0.0
FH1 =  13.2
FH2 =  26.194550464424122
FH3 =  7.5
FH4 =  1.2
FH5 =  14.3
FH6 =  4.1
FH7 =  1.0
FH8 =  13.2
FH9 =  8.3
FH10 =  4.5
FH11 =  1.0
DL1 =  24.5
DL2 =  25.066666666666666
DL3 =  25.642857142857146
DL4 =  27.49
DL5 =  31.664444444444445
DL6 =  17.660891137070976
DL7 =  16.356322915955758
DL8 =  16.436900826665102
DL9 =  15.833113995227647
DL10 =  17.98799826812236
DL11 =  0.6621621621621622
DL12 =  0.6930501930501931
DL13 =  0.7429729729729729
DL14 =  0.8108108108108109
DL15 =  0.6756756756756757
DL16 =  7.894736842105263
DL17 =  65.65572728277527
DL18 =  0
DL19 =  nan
DL20 =  0
DH1 =  366.9
DH2 =  215.83333333333334
DH3 =  145.9142857142857
DH4 =  83.1
DH5 =  59.61444444444444
DH6 =  50.968853542656
DH7 =  51.05732488694489
DH8 =  53.014405731288775
DH9 =  39.90529544535034
DH10 =  28.17856116325037
DH11 =  9.916216216216215
DH12 =  3.9436293436293437
DH13 =  2.245945945945946
DH14 =  1.7026065765314589
DH15 =  6.047697368421053
DH16 =  91.01601252156756
DH17 =  13.209821428571427
DH18 =  1.5866666666666664
DH19 =  1.222222222222222
DH20 =  7.760479644624381
DH21 =  75.74218975468975
DH22 =  None
DH23 =  None
DH24 =  None
TA1 =  0.7071977950081249
TA2 =  76.12735385263865
TA3 =  None
TL1 =  None
TL2 =  None
TL3 =  None
TL4 =  None
TH1 =  None
TH2 =  None
TH3 =  None
RA1 =  14.183602771362587
RA2 =  294.4932221030544
RA3 =  6.969318181818182
RA4 =  374.7344989296946
RA5 =  0.2370654256775253
RA6 =  0.06187540371808753
RA7 =  0.04546237407675724
RA8 =  0    100.6
dtype: float64
RA9 =  0    10.511533
dtype: float64
